  -9.0740000e+01   4.1240000e+01   5.1600000e+01
  -8.9870000e+01   3.9290000e+01   5.5900000e+01
  -8.9020000e+01   3.9840000e+01   5.4700000e+01
  -8.9520000e+01   4.1840000e+01   5.1100000e+01
  -9.0050000e+01   4.1170000e+01   5.2200000e+01
  -9.0740000e+01   3.9720000e+01   5.5200000e+01
  -8.9490000e+01   3.9160000e+01   5.4700000e+01
  -9.0200000e+01   3.9740000e+01   5.4600000e+01
  -9.0970000e+01   4.0590000e+01   5.3100000e+01
  -8.9410000e+01   4.0160000e+01   5.3100000e+01
  -8.8600000e+01   4.2260000e+01   4.9200000e+01
  -8.9050000e+01   4.0910000e+01   5.1600000e+01
  -9.0640000e+01   4.0920000e+01   5.1700000e+01
  -8.9970000e+01   4.1820000e+01   5.1900000e+01
  -8.9990000e+01   4.2110000e+01   5.0100000e+01
  -8.8920000e+01   4.1340000e+01   5.1900000e+01
  -8.9090000e+01   3.9390000e+01   5.3600000e+01
  -8.8640000e+01   4.0890000e+01   5.2200000e+01
  -9.0550000e+01   4.0120000e+01   5.2600000e+01
  -8.9600000e+01   4.1550000e+01   5.0600000e+01
  -9.0390000e+01   3.9440000e+01   5.5100000e+01
  -8.8600000e+01   3.9440000e+01   5.4300000e+01
  -9.2790000e+01   4.1070000e+01   5.1500000e+01
  -9.4300000e+01   4.3070000e+01   4.6700000e+01
  -9.2270000e+01   4.1910000e+01   5.0000000e+01
  -9.2670000e+01   4.3050000e+01   4.6600000e+01
  -9.5040000e+01   4.0740000e+01   5.1300000e+01
  -9.0270000e+01   4.1800000e+01   5.1500000e+01
  -9.4840000e+01   4.3420000e+01   4.7200000e+01
  -9.1950000e+01   4.1040000e+01   5.2500000e+01
  -9.1800000e+01   4.2860000e+01   4.8300000e+01
  -9.3640000e+01   4.3290000e+01   4.6000000e+01
  -9.4200000e+01   4.2510000e+01   4.7400000e+01
  -9.3550000e+01   4.1370000e+01   5.1200000e+01
  -9.3250000e+01   4.2520000e+01   4.7400000e+01
  -9.6170000e+01   4.2790000e+01   5.0100000e+01
  -9.5790000e+01   4.1640000e+01   4.8600000e+01
  -9.4300000e+01   4.0690000e+01   5.0600000e+01
  -9.1550000e+01   4.0960000e+01   5.3100000e+01
  -9.2320000e+01   4.3070000e+01   4.6900000e+01
  -9.6170000e+01   4.3440000e+01   4.6700000e+01
  -9.4620000e+01   4.2410000e+01   4.8100000e+01
  -9.5190000e+01   4.2640000e+01   4.4800000e+01
  -9.2590000e+01   4.1990000e+01   5.1300000e+01
  -9.1690000e+01   4.1290000e+01   5.0700000e+01
  -9.5120000e+01   3.9570000e+01   5.5300000e+01
  -9.8240000e+01   3.8720000e+01   5.6300000e+01
  -9.6100000e+01   3.8860000e+01   5.5700000e+01
  -9.5520000e+01   3.9670000e+01   5.3800000e+01
  -9.5270000e+01   3.8970000e+01   5.5600000e+01
  -9.4940000e+01   3.9320000e+01   5.6200000e+01
  -9.6590000e+01   3.9210000e+01   5.6200000e+01
  -9.7700000e+01   3.9140000e+01   5.8600000e+01
  -9.4770000e+01   3.8890000e+01   5.4900000e+01
  -9.5290000e+01   3.8620000e+01   5.5300000e+01
  -9.3420000e+01   4.3620000e+01   4.4300000e+01
  -9.3590000e+01   4.4800000e+01   4.3800000e+01
  -9.4470000e+01   4.3640000e+01   4.5200000e+01
  -9.3190000e+01   4.4670000e+01   4.6500000e+01
  -9.2570000e+01   4.3710000e+01   4.3700000e+01
  -9.5940000e+01   4.5140000e+01   4.4700000e+01
  -9.3220000e+01   4.4890000e+01   4.4700000e+01
  -9.5750000e+01   4.4940000e+01   4.3600000e+01
  -9.4450000e+01   4.4300000e+01   4.6600000e+01
  -9.4940000e+01   4.4720000e+01   4.5000000e+01
  -9.6320000e+01   4.4020000e+01   4.3000000e+01
  -9.3970000e+01   4.4300000e+01   4.5200000e+01
  -9.4170000e+01   4.3770000e+01   4.3800000e+01
  -9.2670000e+01   4.4300000e+01   4.6200000e+01
  -9.1190000e+01   3.9370000e+01   5.4400000e+01
  -9.3120000e+01   3.9420000e+01   5.3900000e+01
  -9.4690000e+01   4.0260000e+01   5.3000000e+01
  -9.2190000e+01   3.8590000e+01   5.5000000e+01
  -9.4340000e+01   3.8890000e+01   5.4300000e+01
  -9.3870000e+01   3.9210000e+01   5.4600000e+01
  -9.1910000e+01   3.9170000e+01   5.3400000e+01
  -9.2440000e+01   3.9410000e+01   5.3200000e+01
  -9.3720000e+01   4.0260000e+01   5.5300000e+01
  -9.1890000e+01   3.9970000e+01   5.1300000e+01
  -9.3420000e+01   3.8970000e+01   5.5000000e+01
  -9.3000000e+01   4.0490000e+01   5.2900000e+01
  -9.1140000e+01   3.8820000e+01   5.6400000e+01
  -9.7990000e+01   4.1670000e+01   5.5400000e+01
  -9.6350000e+01   4.1050000e+01   5.4700000e+01
  -9.5750000e+01   4.0370000e+01   5.4800000e+01
  -9.6750000e+01   4.0300000e+01   5.2500000e+01
  -9.6950000e+01   4.0620000e+01   5.0900000e+01
  -9.7120000e+01   4.1270000e+01   5.1200000e+01
  -9.7170000e+01   4.0160000e+01   5.1900000e+01
  -9.7590000e+01   4.0640000e+01   5.2700000e+01
  -9.7600000e+01   4.0540000e+01   5.3000000e+01
  -9.7770000e+01   4.1460000e+01   5.4400000e+01
  -9.7270000e+01   4.2610000e+01   5.0800000e+01
  -9.8390000e+01   4.0660000e+01   5.4900000e+01
  -9.7590000e+01   4.0170000e+01   5.1200000e+01
  -9.7450000e+01   4.1840000e+01   5.4000000e+01
  -9.7970000e+01   4.2070000e+01   5.1100000e+01
  -9.6160000e+01   4.0110000e+01   5.3300000e+01
  -9.8470000e+01   4.1270000e+01   5.7300000e+01
  -9.7100000e+01   4.0910000e+01   5.2800000e+01
  -9.6190000e+01   4.0670000e+01   5.2800000e+01
  -9.6220000e+01   4.0370000e+01   5.4900000e+01
  -9.6220000e+01   4.1770000e+01   5.0900000e+01
  -9.6870000e+01   4.2270000e+01   5.3700000e+01
  -9.6160000e+01   4.0870000e+01   5.3700000e+01
  -9.7600000e+01   4.0870000e+01   5.5300000e+01
  -9.8440000e+01   4.5460000e+01   4.2600000e+01
  -9.7790000e+01   4.3660000e+01   5.0300000e+01
  -9.6670000e+01   4.3300000e+01   4.8900000e+01
  -9.7740000e+01   4.4890000e+01   4.5600000e+01
  -9.8070000e+01   4.4040000e+01   4.8900000e+01
  -9.7520000e+01   4.4020000e+01   4.8100000e+01
  -9.7590000e+01   4.3240000e+01   5.0900000e+01
  -9.6640000e+01   4.5210000e+01   4.5300000e+01
  -9.6920000e+01   4.2760000e+01   5.3200000e+01
  -9.7160000e+01   4.4920000e+01   4.2100000e+01
  -8.8990000e+01   4.4870000e+01   4.2800000e+01
  -8.9390000e+01   4.2620000e+01   4.9500000e+01
  -9.0120000e+01   4.2690000e+01   4.9700000e+01
  -8.9540000e+01   4.4120000e+01   4.6100000e+01
  -9.0740000e+01   4.4410000e+01   4.6900000e+01
  -9.0790000e+01   4.2840000e+01   5.0900000e+01
  -9.0140000e+01   4.4660000e+01   4.2900000e+01
  -9.0350000e+01   4.5140000e+01   4.1500000e+01
  -8.8720000e+01   4.4370000e+01   4.7100000e+01
  -8.8550000e+01   4.4040000e+01   4.6100000e+01
  -8.9440000e+01   4.3520000e+01   4.9000000e+01
  -9.1160000e+01   4.3040000e+01   4.9400000e+01
  -9.0940000e+01   4.4970000e+01   4.3600000e+01
  -9.0920000e+01   4.3570000e+01   4.6000000e+01
  -8.8740000e+01   4.3190000e+01   4.8300000e+01
